# line 0
345 45
615 45

# line 1
165 90
210 90
255 90
345 90
615 90
705 90
750 90
795 90

# line 2
165 135
255 135
345 135
615 135
705 135
795 135

# line 3
75 180
120 180
255 180
300 180
345 180
390 180
435 180
480 180
525 180
570 180
615 180
660 180
705 180
840 180
885 180

# line 4
75 225
255 225
345 225
615 225
705 225
885 225

# line 5
75 270
120 270
165 270
210 270
255 270
345 270
615 270
705 270
750 270
795 270
840 270
885 270

# line 6
75 315
165 315
345 315
615 315
795 315
885 315

# line 7
75 360
165 360
255 360
300 360
345 360
615 360
660 360
705 360
795 360
885 360

# line 8
75 405
165 405
255 405
345 405
615 405
705 405
795 405
885 405

# line 9
75 450
120 450
165 450
210 450
255 450
345 450
480 450
615 450
705 450
750 450
795 450
840 450
885 450

# line 10
75 495
255 495
345 495
615 495
705 495
885 495

# line 11
75 540
120 540
255 540
300 540
345 540
390 540
435 540
480 540
525 540
570 540
615 540
660 540
705 540
840 540
885 540

# line 12
165 585
255 585
345 585
615 585
705 585
795 585

# line 13
165 630
210 630
255 630
345 630
615 630
705 630
750 630
795 630

# line 14
345 675
615 675
