# line 1
0 1 0 1 163 88
0 1 1 0 254 88
0 1 0 1 705 88
0 1 1 0 795 88

# line 2
0 1 0 1 76 179
1 0 1 0 163 179
1 1 0 1 254 179
1 1 1 1 344 179
0 1 1 1 478 179
1 1 1 1 614 179
1 1 1 0 705 179
1 0 0 1 795 179
0 1 1 0 883 179

# line 3
1 1 0 1 76 269
0 1 1 1 163 269
1 0 1 0 254 269
1 1 0 1 344 269
1 0 1 1 478 269
1 1 1 0 614 269
1 0 0 1 705 269
0 1 1 1 795 269
1 1 1 0 883 269

# line 4
1 1 1 0 76 360
0 1 0 1 254 360
1 1 1 0 344 360
1 0 0 0 478 360
1 1 0 1 614 360
0 1 1 0 705 360
1 1 0 1 883 360

# line 5
1 1 0 1 76 450
1 0 1 1 163 450
1 1 1 0 254 450
1 1 0 1 344 450
0 1 1 1 478 450
1 1 1 0 614 450
1 1 0 1 705 450
1 0 1 1 795 450
1 1 1 0 883 450

# line 6
1 0 0 1 76 540
0 1 1 0 163 540
1 1 0 1 254 540
1 1 1 1 344 540
1 0 1 1 478 540
1 1 1 1 614 540
1 1 1 0 705 540
0 1 0 1 795 540
1 0 1 0 883 540

# line 7
1 0 0 1 163 630
1 0 1 0 254 630
1 0 0 1 705 630
1 0 1 0 795 630
